90539662384328704
128765177574326272
133365780828913664
139333331929006080
141628208020848640
147765336370839552
159463385975619584
164016488880144385
164363734611918848
185592593529307137
189004750635794432
199591483970551808
208686893959872513
209024472391352320
211104091978334208
217612416341508097
223977175760502785
226278046209015808
244549809011163136
245871777664729088
246441485455720459
246979990279684096
249981272607162368
255514888041005057
259814903617945602
259895816850767872
260815884463898626
261586948504682496
267887629154910210
276736778839392258
277474933762686976
289422674042814464
289958986273521664
291330926284374016
291983894956474369
293817655641767936
295180132308746240
295263896351014922
297888673863827458
297936896129236992
298132689054334977
308510177248804864
312005730230075393
316667886225719296
319379530777100288
319563897927499778
327650629902139395
329018709555281922
336140020345864192
336536821532065794
341291486333239309
343285208612732930
347445649991794719
351694554023460867
353605812897185808
354263193255673877
356910702302330882
358711818786570250
358736139927945218
362587314913935391
365656373050081280
378259674329513985
385130228898594819
388725975602692108
389685203217678337
390917064845557761
392823314143248415
394859918928379904
395315677210214400
397768661110226945
401911681669660682
410314447492743168
417076381357178881
424583382970925087
425950729602203648
428263269330059276
430574153054289921
433628817177968641
437010149786517514
439158350815428608
439715883514855424
440293226767974400
443767636543668224
445831025633918977
447057372863660043
447300351985713171
447761153494482945
453909980773482507
454959808962101258
455661677048889345
457695529460039691
474196132977967125
475709685966831616
476444974683258881
487017454787231754
487342562311405587
488088541721788417
488741023783190538
490159232348323851
490597961756311553
494177158483410974
494570821885362176
496618529504624640
498661183432163348
508969972924678145
513043611101823001
514140868224090129
516108155093254150
530822809354633265
532606261292957727
534078448596156437
543081116081455135
544095518049959936
544562809753698354
545274602893475850
546237026110930944
547812548074799138
548241204756742174
550113279855558667
555499028872167458
557840131026059264
566577719010263051
586177006325202944
589182246892601351
590928863924715520
593524627028967427
594825960390524955
595178257163223040
605061046767452160
610585942885138473
614163305715597436
614329798138789888
616491475428966425
623669402667319296
626232322735472648
635049742677573645
644897165042515968
649168472969969664
656226466765471774
657354728501542921
664114143162531862
664877514719625233
667087139040788541
667096876285296677
668256076260573224
669529221797904385
672518845667344414
685913523397853184
688290115994517559
690471639342907433
692151259742076949
697967717990400021
699313753610649712
701336691134300160
703398759597473883
710144549527224361
712087906537177178
712359602850889728
716198017136459848
717430393175015455
722643080720810055
724348361984966657
725993704967503962
726762196423409676
727978927179694213
729404882817122597
736988037178851359
738880045535461556
741655829714960475
741856211053576195
743899326165680178
746405384037859448
748119889989992468
748627218665701426
750108940515147926
754706452287062057
755772403275137064
756523215404138576
756537445444616270
757967750105923604
763801951057477682
764583106295365693
765461975442259968
766409294425489439
767562945193443348
770941573864488961
771402201850445824
773637936486285402
778131965995909130
778979681587298314
779080283596914739
781071577709019148
783223599091286056
792502197761212437
793429390494531624
796455935266259014
798034791274119198
799629937921097729
800334177848524811
801241634519121990
801857200234561537
802966289844273172
803411193724403742
806989802029318197
809404374480715806
810665803300208640
813775927338598410
815590280488550440
817585538704867339
823023724046450748
824508475588608030
826110094542110790
833230434611232808
838869567068831794
839494126797586433
839741266404311041
841558617026461698
843890823560691733
845526647985668136
853304038477398026
856682000055664700
861540101628887060
862418173789732884
865897363511050243
885931125183221822
893117757007224902
895308803669622816
898845489510907935
899015501290819664
903986023028109394
907297665711218709
913228530085675028
919299899374305291
922506368668282920
930741409781264404
931624773488873492
934112140804116540
934665475936362577
938615177945948200
939679722152034365
944229750094852107
944639156062138369
947063733706956820
948735813477363722
948940486150877224
954321321804840971
964230172154945536
970260857034526722
984778809280692276
987409825862397952
988514792748757043
988759594266423316
988815823068069938
994031061342355457
998861130510385152
999092415023562774
999194104959348798
1002370861245927526
1007012724796035122
1016623785312534590
1020930039497379871
1023966288072146984
1028951984008609842
1034183302933913680
1043842909197320212
1045723622305714266
1049497993176424518
1057948805225529364
1063646646921068554
1064911051218493491
1067136227079376977
1074889171677741066
1076649826831310899
1078454563985686528
1082725004564774982
1099610022926893167
1099669801711980616
1105287446364696576
1116397352392073338
1118618935990956062
1130703597424885810
1134033334096384021
1134282368501416046
1138141783835025509
1145490628998873131
1145582408943546379
1149609824275943475
1150017268638564412
1150104396743581817
1150805021055787009
1152115118117765140
1156363888980410419
1156642045121790124
1163275252722307192
1165977742295175210
1166241852849139737
1170287548455723008
1171421848051908629
1178026420006551643
1181288443997864047
1184406344556621874
1184524697568817213
1191177943129526382
1192310973986512916
1193865545154572303
1193888946598465599
1202085224415232071
1206684137256390666
1206895300464091196
1211530163502845983
1214945083045183488
1217624634409615482
1228151469920751637
1230391056139550781
1233118610373738526
1237665369926144042
1242093298991108096
1242471589883416658
1247938790472024064
1248471327556239442
1250391878273339422
1251794671248871449
1254418080189382750
1269954614002974794
1282785314783629428
1305883276904239197
1311389745867395087
1317944655412854798
1323639378454515835
1325553037967622297
1326397791123279902
1328352908214927458
1328789499857080333
1330316377160159283
1332527911063912470
1337802350085279764
1338278070305558568
1340268251543765065
1340359006249812100
1347833233823502369
1348406629778849826
1358002891213897778
1361942189730431057
1362199490492104734
1362500548191850786
1368169434216140822
1370738006952251525
1382840625791238184
1383048311212081213
1384871926748545176
1386766940655190188
1392208546476589057
1403526646719316058
1405791051825938554
1411252712460390493
1412841834467692604
1413418938741821552
1418086521059414107
1418697703113883669
1424626469203742731
1424742262134276118
1431546833380970651
1433187509403258961
1433515763704139860
1435782061540507799
1436028116609929317
1436545485950156910
1438895069259370629
1440330731288002663
1443157255422869538
1448037035876286547
1451337352197832876
1451454585485922429
1453643645122252888
1453823921366237359
1456052130170536007
1456065546327035944
1456738998117728387
1457093776098197661
1457119413579939987
1457162489665028307
1457359006594240535
1457423881018151015
1457464344152375431
1457612879900704788
1457903712843333703
1458070107703087338
1458192729854054460
1458285480155021334
1458498666867331094
1458595187298275514
1458731596977799294
1459019828810747904
1459091613228990667
1459165896646856855
1459397252580638933